<!DOCTYPE html>
<html>

<head data-gwd-animation-mode="proMode">
  <meta name="GCD" content="YTk3ODQ3ZWZhN2I4NzZmMzBkNTEwYjJl991551cd4955d2723cdb529367b89446" />
  <meta name="generator" content="Google Web Designer 1.0.5.0416">
  <meta name="template" content="Banner 1.0.5">
  <meta http-equiv="Content-Type" content="text/html; charset=utf-8">
  <meta name="viewport" content="width=device-width, initial-scale=1.0">
  <style type="text/css">
    html,
    body {
      width: 100%;
      height: 100%;
      margin: 0px;
    }

    .gwd-page-container {
      position: relative;
      width: 100%;
      height: 100%;
    }

    .gwd-page-content {
      background-color: transparent;
      -webkit-transform: matrix3d(1, 0, 0, 0, 0, 1, 0, 0, 0, 0, 1, 0, 0, 0, 0, 1);
      -moz-transform: matrix3d(1, 0, 0, 0, 0, 1, 0, 0, 0, 0, 1, 0, 0, 0, 0, 1);
      transform: matrix3d(1, 0, 0, 0, 0, 1, 0, 0, 0, 0, 1, 0, 0, 0, 0, 1);
      -webkit-perspective: 1400px;
      -moz-perspective: 1400px;
      perspective: 1400px;
      -webkit-transform-style: preserve-3d;
      -moz-transform-style: preserve-3d;
      transform-style: preserve-3d;
      position: absolute;
    }

    .gwd-page-wrapper {
      position: absolute;
      -webkit-transform: translateZ(0px);
      -moz-transform: translateZ(0px);
      transform: translateZ(0px);
      background-image: none;
      background-color: rgba(0, 0, 0, 0);
    }

    .gwd-page-size {
      width: 944px;
      height: 250px;
    }

    .gwd-canvas-ustk {
      position: absolute;
      -webkit-transform-style: preserve-3d;
      -moz-transform-style: preserve-3d;
      transform-style: preserve-3d;
      top: 28.505700901417853px;
      left: 352.1904868716331px;
      width: 152.49467447170002px;
      height: 205.26409276459998px;
      -webkit-transform: translate3d(-17.18px, -0.91px, 0px);
      -moz-transform: translate3d(-17.18px, -0.91px, 0px);
      transform: translate3d(-17.18px, -0.91px, 0px);
    }

    .gwd-canvas-wruc {
      position: absolute;
      -webkit-transform-style: preserve-3d;
      -moz-transform-style: preserve-3d;
      transform-style: preserve-3d;
      top: 28.4289282063px;
      left: 458.4772727273px;
      width: 144.771812604px;
      height: 205.51582170670002px;
      -webkit-transform: translate3d(-6.51px, 0.08px, 0px);
      -moz-transform: translate3d(-6.51px, 0.08px, 0px);
      transform: translate3d(-6.51px, 0.08px, 0px);
    }

    .gwd-div-nso8 {
      -webkit-transform-style: preserve-3d;
      -moz-transform-style: preserve-3d;
      transform-style: preserve-3d;
      -webkit-transform: translate3d(0px, 0px, 512px);
      -moz-transform: translate3d(0px, 0px, 512px);
      transform: translate3d(0px, 0px, 512px);
      background-image: none;
      background-color: #060505;
    }

    .gwd-gen-vlm1 .gwd-gen-673agwdanimation {
      -webkit-animation: gwd-gen-673agwdanimation_gwd-keyframes 1s linear 0s 1 forwards;
      -moz-animation: gwd-gen-673agwdanimation_gwd-keyframes 1s linear 0s 1 forwards;
      animation: gwd-gen-673agwdanimation_gwd-keyframes 1s linear 0s 1 forwards;
    }

    @-webkit-keyframes gwd-gen-673agwdanimation_gwd-keyframes {
      0% {
        -webkit-transform: translate3d(-11.63px, 12.73px, 0px);
        background-color: transparent;
        -webkit-animation-timing-function: linear;
      }
      100% {
        -webkit-transform: translate3d(0px, 0px, 512px);
        background-color: #060505;
        -webkit-animation-timing-function: linear;
      }
    }

    @-moz-keyframes gwd-gen-673agwdanimation_gwd-keyframes {
      0% {
        -moz-transform: translate3d(-11.63px, 12.73px, 0px);
        background-color: transparent;
        -moz-animation-timing-function: linear;
      }
      100% {
        -moz-transform: translate3d(0px, 0px, 512px);
        background-color: #060505;
        -moz-animation-timing-function: linear;
      }
    }

    @keyframes gwd-gen-673agwdanimation_gwd-keyframes {
      0% {
        transform: translate3d(-11.63px, 12.73px, 0px);
        background-color: transparent;
        animation-timing-function: linear;
      }
      100% {
        transform: translate3d(0px, 0px, 512px);
        background-color: #060505;
        animation-timing-function: linear;
      }
    }

    .gwd-div-cqng {
      position: absolute;
      background-image: -webkit-linear-gradient(left, #bd0000 61%, #cd0000 63%);
      background-image: -moz-linear-gradient(left, #bd0000 61%, #cd0000 63%);
      background-image: linear-gradient(to right, #bd0000 61%, #cd0000 63%);
      opacity: 0.9;
      width: 53.9500000477px;
      height: 296px;
      -webkit-transform-origin: 27px 148px 0px;
      -moz-transform-origin: 27px 148px 0px;
      transform-origin: 27px 148px 0px;
      -webkit-transform: matrix3d(1, 0, 0, 0, 0, 1, 0, 0, 0, 0, 1, 0, 0, 0, 0, 1);
      -moz-transform: matrix3d(1, 0, 0, 0, 0, 1, 0, 0, 0, 0, 1, 0, 0, 0, 0, 1);
      transform: matrix3d(1, 0, 0, 0, 0, 1, 0, 0, 0, 0, 1, 0, 0, 0, 0, 1);
      left: 472px;
      top: 0px;
    }

    .gwd-div-ajs1 {
      width: 53.9375px;
      left: 417.9500000476837px;
      top: 0px;
      background-image: -webkit-linear-gradient(left, #0a0a0a 61%, #2a2a2a 63%);
      background-image: -moz-linear-gradient(left, #0a0a0a 61%, #2a2a2a 63%);
      background-image: linear-gradient(to right, #0a0a0a 61%, #2a2a2a 63%);
    }

    .gwd-div-qg1l {
      width: 53.9375px;
      top: 261.0769230766px;
      left: 390.4500005245px;
      height: 431.6254180602px;
      -webkit-transform: matrix3d(1, 0, 0, 0, 0, 1, 0, 0, 0, 0, 1, 0, 0, 0, 0, 1);
      -moz-transform: matrix3d(1, 0, 0, 0, 0, 1, 0, 0, 0, 0, 1, 0, 0, 0, 0, 1);
      transform: matrix3d(1, 0, 0, 0, 0, 1, 0, 0, 0, 0, 1, 0, 0, 0, 0, 1);
    }

    .gwd-div-76b8 {
      left: 472px;
      top: 0px;
    }

    .gwd-div-mh78 {
      width: 53.9375px;
      height: 296px;
      -webkit-transform: matrix3d(1, 0, 0, 0, 0, 1, 0, 0, 0, 0, 1, 0, 0, 0, 0, 1);
      -moz-transform: matrix3d(1, 0, 0, 0, 0, 1, 0, 0, 0, 0, 1, 0, 0, 0, 0, 1);
      transform: matrix3d(1, 0, 0, 0, 0, 1, 0, 0, 0, 0, 1, 0, 0, 0, 0, 1);
      left: 552.9500000476837px;
      top: -20px;
    }

    .gwd-div-n3zp {
      width: 53.9375px;
      top: 259.6384638276px;
      left: 496.6400003433px;
      height: 431.6254180602px;
      -webkit-transform: matrix3d(1, 0, 0, 0, 0, 1, 0, 0, 0, 0, 1, 0, 0, 0, 0, 1);
      -moz-transform: matrix3d(1, 0, 0, 0, 0, 1, 0, 0, 0, 0, 1, 0, 0, 0, 0, 1);
      transform: matrix3d(1, 0, 0, 0, 0, 1, 0, 0, 0, 0, 1, 0, 0, 0, 0, 1);
    }

    .gwd-div-5dlm {
      top: 260px;
      left: 497px;
      width: 53.9500000477px;
      height: 296px;
      -webkit-transform: matrix3d(1, 0, 0, 0, 0, 1, 0, 0, 0, 0, 1, 0, 0, 0, 0, 1);
      -moz-transform: matrix3d(1, 0, 0, 0, 0, 1, 0, 0, 0, 0, 1, 0, 0, 0, 0, 1);
      transform: matrix3d(1, 0, 0, 0, 0, 1, 0, 0, 0, 0, 1, 0, 0, 0, 0, 1);
    }

    .gwd-div-vsp6 {
      width: 53.9375px;
      top: 419.69445886365867px;
      left: 333.32000255588px;
      height: 431.6254180602px;
      -webkit-transform: matrix3d(1, 0, 0, 0, 0, 1, 0, 0, 0, 0, 1, 0, 0, 0, 0, 1);
      -moz-transform: matrix3d(1, 0, 0, 0, 0, 1, 0, 0, 0, 0, 1, 0, 0, 0, 0, 1);
      transform: matrix3d(1, 0, 0, 0, 0, 1, 0, 0, 0, 0, 1, 0, 0, 0, 0, 1);
    }

    .gwd-div-qsfn {
      -webkit-transform: matrix3d(1, 0, 0, 0, 0, 1, 0, 0, 0, 0, 1, 0, 0, 0, 0, 1);
      -moz-transform: matrix3d(1, 0, 0, 0, 0, 1, 0, 0, 0, 0, 1, 0, 0, 0, 0, 1);
      transform: matrix3d(1, 0, 0, 0, 0, 1, 0, 0, 0, 0, 1, 0, 0, 0, 0, 1);
      -webkit-transform-style: preserve-3d;
      -moz-transform-style: preserve-3d;
      transform-style: preserve-3d;
    }

    .gwd-gen-vlm1 .gwd-gen-iuukgwdanimation {
      -webkit-animation: gwd-gen-iuukgwdanimation_gwd-keyframes 0.5s linear 0s 1 forwards;
      -moz-animation: gwd-gen-iuukgwdanimation_gwd-keyframes 0.5s linear 0s 1 forwards;
      animation: gwd-gen-iuukgwdanimation_gwd-keyframes 0.5s linear 0s 1 forwards;
    }

    .gwd-gen-vlm1 .gwd-gen-c2zogwdanimation {
      -webkit-animation: gwd-gen-c2zogwdanimation_gwd-keyframes 0.5s linear 0s 1 forwards;
      -moz-animation: gwd-gen-c2zogwdanimation_gwd-keyframes 0.5s linear 0s 1 forwards;
      animation: gwd-gen-c2zogwdanimation_gwd-keyframes 0.5s linear 0s 1 forwards;
    }

    .gwd-div-7m69 {
      -webkit-transform: matrix3d(0.9855729018, 0.1692514554, 0, 0, -0.1692514554, 0.9855729018, 0, 0, 0, 0, 1, 0, 0, 0, 0, 1);
      -moz-transform: matrix3d(0.9855729018, 0.1692514554, 0, 0, -0.1692514554, 0.9855729018, 0, 0, 0, 0, 1, 0, 0, 0, 0, 1);
      transform: matrix3d(0.9855729018, 0.1692514554, 0, 0, -0.1692514554, 0.9855729018, 0, 0, 0, 0, 1, 0, 0, 0, 0, 1);
      -webkit-transform-style: preserve-3d;
      -moz-transform-style: preserve-3d;
      transform-style: preserve-3d;
    }

    .gwd-div-jd1v {
      top: 250px;
    }

    .gwd-div-hpzf {
      left: 444px;
    }

    .gwd-div-qclz {
      width: 53.9500000477px;
    }

    .gwd-div-yo3w {
      height: 296px;
    }

    .gwd-div-szhm {
      -webkit-transform: matrix3d(1, 0, 0, 0, 0, 1, 0, 0, 0, 0, 1, 0, 0, 0, 0, 1);
      -moz-transform: matrix3d(1, 0, 0, 0, 0, 1, 0, 0, 0, 0, 1, 0, 0, 0, 0, 1);
      transform: matrix3d(1, 0, 0, 0, 0, 1, 0, 0, 0, 0, 1, 0, 0, 0, 0, 1);
    }

    .gwd-div-uh3h {
      top: -300px;
    }

    .gwd-div-70ao {
      left: 497px;
    }

    .gwd-div-x59s {
      width: 53.9500000477px;
    }

    .gwd-div-7w6s {
      height: 296px;
    }

    .gwd-div-0r8o {
      -webkit-transform: matrix3d(1, 0, 0, 0, 0, 1, 0, 0, 0, 0, 1, 0, 0, 0, 0, 1);
      -moz-transform: matrix3d(1, 0, 0, 0, 0, 1, 0, 0, 0, 0, 1, 0, 0, 0, 0, 1);
      transform: matrix3d(1, 0, 0, 0, 0, 1, 0, 0, 0, 0, 1, 0, 0, 0, 0, 1);
    }

    .gwd-div-d4gd {
      top: -300px;
    }

    .gwd-div-gh67 {
      left: 444px;
    }

    .gwd-div-m0wy {
      width: 53.9500000477px;
    }

    .gwd-div-cn0g {
      height: 296px;
    }

    .gwd-div-jgb9 {
      -webkit-transform: matrix3d(1, 0, 0, 0, 0, 1, 0, 0, 0, 0, 1, 0, 0, 0, 0, 1);
      -moz-transform: matrix3d(1, 0, 0, 0, 0, 1, 0, 0, 0, 0, 1, 0, 0, 0, 0, 1);
      transform: matrix3d(1, 0, 0, 0, 0, 1, 0, 0, 0, 0, 1, 0, 0, 0, 0, 1);
    }

    .gwd-div-34nh {
      top: -300px;
    }

    .gwd-div-ab1y {
      left: 444px;
    }

    .gwd-div-meiz {
      width: 53.9500000477px;
    }

    .gwd-div-4yc6 {
      height: 296px;
    }

    .gwd-div-60tn {
      -webkit-transform: matrix3d(1, 0, 0, 0, 0, 1, 0, 0, 0, 0, 1, 0, 0, 0, 0, 1);
      -moz-transform: matrix3d(1, 0, 0, 0, 0, 1, 0, 0, 0, 0, 1, 0, 0, 0, 0, 1);
      transform: matrix3d(1, 0, 0, 0, 0, 1, 0, 0, 0, 0, 1, 0, 0, 0, 0, 1);
    }

    .gwd-div-c96q {
      width: 53.9375px;
      top: -439px;
      left: 443.37000250817465px;
      height: 431.6254180602px;
      -webkit-transform: matrix3d(1, 0, 0, 0, 0, 1, 0, 0, 0, 0, 1, 0, 0, 0, 0, 1);
      -moz-transform: matrix3d(1, 0, 0, 0, 0, 1, 0, 0, 0, 0, 1, 0, 0, 0, 0, 1);
      transform: matrix3d(1, 0, 0, 0, 0, 1, 0, 0, 0, 0, 1, 0, 0, 0, 0, 1);
    }

    .gwd-div-fwyj {
      width: 53.9375px;
      top: -435.9230769233993px;
      left: 550.3700025081797px;
      height: 431.6254180602px;
      -webkit-transform: matrix3d(1, 0, 0, 0, 0, 1, 0, 0, 0, 0, 1, 0, 0, 0, 0, 1);
      -moz-transform: matrix3d(1, 0, 0, 0, 0, 1, 0, 0, 0, 0, 1, 0, 0, 0, 0, 1);
      transform: matrix3d(1, 0, 0, 0, 0, 1, 0, 0, 0, 0, 1, 0, 0, 0, 0, 1);
    }

    .gwd-div-24ts {
      width: 944px;
      height: 250px;
      -webkit-transform: matrix3d(0.9277666933, 0.3731607733, 0, 0, -0.3731607733, 0.9277666933, 0, 0, 0, 0, 1, 0, -12.5509759001, 2, 0, 1);
      -moz-transform: matrix3d(0.9277666933, 0.3731607733, 0, 0, -0.3731607733, 0.9277666933, 0, 0, 0, 0, 1, 0, -12.5509759001, 2, 0, 1);
      transform: matrix3d(0.9277666933, 0.3731607733, 0, 0, -0.3731607733, 0.9277666933, 0, 0, 0, 0, 1, 0, -12.5509759001, 2, 0, 1);
      -webkit-transform-style: preserve-3d;
      -moz-transform-style: preserve-3d;
      transform-style: preserve-3d;
    }

    .gwd-div-ebvt {
      width: 944px;
      height: 250px;
      -webkit-transform-origin: 50% 50% 0px;
      -moz-transform-origin: 50% 50% 0px;
      transform-origin: 50% 50% 0px;
      -webkit-transform: matrix3d(0.9342111015, -0.3567206441, 0, 0, 0.3567206441, 0.9342111015, 0, 0, 0, 0, 1, 0, 1.4500000477, -0.2199999988, 0, 1);
      -moz-transform: matrix3d(0.9342111015, -0.3567206441, 0, 0, 0.3567206441, 0.9342111015, 0, 0, 0, 0, 1, 0, 1.4500000477, -0.2199999988, 0, 1);
      transform: matrix3d(0.9342111015, -0.3567206441, 0, 0, 0.3567206441, 0.9342111015, 0, 0, 0, 0, 1, 0, 1.4500000477, -0.2199999988, 0, 1);
      -webkit-transform-style: preserve-3d;
      -moz-transform-style: preserve-3d;
      transform-style: preserve-3d;
    }

    @-webkit-keyframes gwd-gen-c2zogwdanimation_gwd-keyframes {
      0% {
        top: 48.50570090141785px;
        left: -177.80951312836692px;
        width: 236.67257612080002px;
        height: 283.9344249698px;
        -webkit-transform: translate3d(185.98px, 211px, 0px);
        -webkit-animation-timing-function: ease-in-out;
      }
      100% {
        top: 28.505700901417853px;
        left: 352.1904868716331px;
        width: 152.49467447170002px;
        height: 205.26409276459998px;
        -webkit-transform: translate3d(-17.18px, -0.91px, 0px);
        -webkit-animation-timing-function: linear;
      }
    }

    @-moz-keyframes gwd-gen-c2zogwdanimation_gwd-keyframes {
      0% {
        top: 48.50570090141785px;
        left: -177.80951312836692px;
        width: 236.67257612080002px;
        height: 283.9344249698px;
        -moz-transform: translate3d(185.98px, 211px, 0px);
        -moz-animation-timing-function: ease-in-out;
      }
      100% {
        top: 28.505700901417853px;
        left: 352.1904868716331px;
        width: 152.49467447170002px;
        height: 205.26409276459998px;
        -moz-transform: translate3d(-17.18px, -0.91px, 0px);
        -moz-animation-timing-function: linear;
      }
    }

    @keyframes gwd-gen-c2zogwdanimation_gwd-keyframes {
      0% {
        top: 48.50570090141785px;
        left: -177.80951312836692px;
        width: 236.67257612080002px;
        height: 283.9344249698px;
        transform: translate3d(185.98px, 211px, 0px);
        animation-timing-function: ease-in-out;
      }
      100% {
        top: 28.505700901417853px;
        left: 352.1904868716331px;
        width: 152.49467447170002px;
        height: 205.26409276459998px;
        transform: translate3d(-17.18px, -0.91px, 0px);
        animation-timing-function: linear;
      }
    }

    @-webkit-keyframes gwd-gen-iuukgwdanimation_gwd-keyframes {
      0% {
        top: 44.4289282063px;
        left: 1014.4772727273px;
        width: 197.5618848952px;
        height: 301.19659161299995px;
        -webkit-transform: translate3d(-362.52px, -390.05px, 0px);
        -webkit-animation-timing-function: ease-in-out;
      }
      100% {
        top: 28.4289282063px;
        left: 458.4772727273px;
        width: 144.771812604px;
        height: 205.51582170670002px;
        -webkit-transform: translate3d(-6.51px, 0.08px, 0px);
        -webkit-animation-timing-function: linear;
      }
    }

    @-moz-keyframes gwd-gen-iuukgwdanimation_gwd-keyframes {
      0% {
        top: 44.4289282063px;
        left: 1014.4772727273px;
        width: 197.5618848952px;
        height: 301.19659161299995px;
        -moz-transform: translate3d(-362.52px, -390.05px, 0px);
        -moz-animation-timing-function: ease-in-out;
      }
      100% {
        top: 28.4289282063px;
        left: 458.4772727273px;
        width: 144.771812604px;
        height: 205.51582170670002px;
        -moz-transform: translate3d(-6.51px, 0.08px, 0px);
        -moz-animation-timing-function: linear;
      }
    }

    @keyframes gwd-gen-iuukgwdanimation_gwd-keyframes {
      0% {
        top: 44.4289282063px;
        left: 1014.4772727273px;
        width: 197.5618848952px;
        height: 301.19659161299995px;
        transform: translate3d(-362.52px, -390.05px, 0px);
        animation-timing-function: ease-in-out;
      }
      100% {
        top: 28.4289282063px;
        left: 458.4772727273px;
        width: 144.771812604px;
        height: 205.51582170670002px;
        transform: translate3d(-6.51px, 0.08px, 0px);
        animation-timing-function: linear;
      }
    }

    .gwd-div-nsld {
      width: 944px;
      height: 250px;
      -webkit-transform: matrix3d(-0.5622128488, -0.8269824832, 0.0040847483, 0, -0.8269877229, 0.5621857818, -0.0062010566, 0, 0.0028317778, -0.0068643504, -0.9999724305, 0, -17, 10.1453117615, 185.4150828169, 1);
      -moz-transform: matrix3d(-0.5622128488, -0.8269824832, 0.0040847483, 0, -0.8269877229, 0.5621857818, -0.0062010566, 0, 0.0028317778, -0.0068643504, -0.9999724305, 0, -17, 10.1453117615, 185.4150828169, 1);
      transform: matrix3d(-0.5622128488, -0.8269824832, 0.0040847483, 0, -0.8269877229, 0.5621857818, -0.0062010566, 0, 0.0028317778, -0.0068643504, -0.9999724305, 0, -17, 10.1453117615, 185.4150828169, 1);
      -webkit-transform-style: preserve-3d;
      -moz-transform-style: preserve-3d;
      transform-style: preserve-3d;
    }

    .gwd-div-nxm1 {
      width: 53.9375px;
    }

    .gwd-div-uhpd {
      width: 53.9375px;
    }

    .gwd-div-nu24 {
      width: 53.9375px;
    }

    .gwd-div-9fde {
      width: 53.9375px;
    }

    .gwd-div-8afg {
      width: 53.9375px;
    }

    .gwd-gen-vlm1 .gwd-gen-6yn5gwdanimation {
      -webkit-animation: gwd-gen-6yn5gwdanimation_gwd-keyframes 2.3s linear 0s infinite forwards;
      -moz-animation: gwd-gen-6yn5gwdanimation_gwd-keyframes 2.3s linear 0s infinite forwards;
      animation: gwd-gen-6yn5gwdanimation_gwd-keyframes 2.3s linear 0s infinite forwards;
    }

    .gwd-gen-vlm1 .gwd-gen-eiikgwdanimation {
      -webkit-animation: gwd-gen-eiikgwdanimation_gwd-keyframes 1.6s linear 0.3s infinite forwards;
      -moz-animation: gwd-gen-eiikgwdanimation_gwd-keyframes 1.6s linear 0.3s infinite forwards;
      animation: gwd-gen-eiikgwdanimation_gwd-keyframes 1.6s linear 0.3s infinite forwards;
    }

    .gwd-gen-vlm1 .gwd-gen-l82wgwdanimation {
      -webkit-animation: gwd-gen-l82wgwdanimation_gwd-keyframes 2.2s linear 0s infinite forwards;
      -moz-animation: gwd-gen-l82wgwdanimation_gwd-keyframes 2.2s linear 0s infinite forwards;
      animation: gwd-gen-l82wgwdanimation_gwd-keyframes 2.2s linear 0s infinite forwards;
    }

    .gwd-gen-vlm1 .gwd-gen-merrgwdanimation {
      -webkit-animation: gwd-gen-merrgwdanimation_gwd-keyframes 1.6s linear 0.4s infinite forwards;
      -moz-animation: gwd-gen-merrgwdanimation_gwd-keyframes 1.6s linear 0.4s infinite forwards;
      animation: gwd-gen-merrgwdanimation_gwd-keyframes 1.6s linear 0.4s infinite forwards;
    }

    .gwd-gen-vlm1 .gwd-gen-zhxegwdanimation {
      -webkit-animation: gwd-gen-zhxegwdanimation_gwd-keyframes 1.9s linear 0.2s infinite forwards;
      -moz-animation: gwd-gen-zhxegwdanimation_gwd-keyframes 1.9s linear 0.2s infinite forwards;
      animation: gwd-gen-zhxegwdanimation_gwd-keyframes 1.9s linear 0.2s infinite forwards;
    }

    .gwd-gen-vlm1 .gwd-gen-va6xgwdanimation {
      -webkit-animation: gwd-gen-va6xgwdanimation_gwd-keyframes 1s linear 0s 1 forwards;
      -moz-animation: gwd-gen-va6xgwdanimation_gwd-keyframes 1s linear 0s 1 forwards;
      animation: gwd-gen-va6xgwdanimation_gwd-keyframes 1s linear 0s 1 forwards;
    }

    @-webkit-keyframes gwd-gen-va6xgwdanimation_gwd-keyframes {
      0% {
        width: 944px;
        height: 250px;
        -webkit-transform: matrix3d(-0.5622128488, -0.8269824832, 0.0040847483, 0, -0.8269877229, 0.5621857818, -0.0062010566, 0, 0.0028317778, -0.0068643504, -0.9999724305, 0, -17, 10.1453117615, 185.4150828169, 1);
        -webkit-animation-timing-function: linear;
      }
      100% {
        width: 944px;
        height: 250px;
        -webkit-transform: matrix3d(0.9244275297, 0.3813577617, 0, 0, -0.3813577617, 0.9244275297, 0, 0, 0, 0, 1, 0, -17, 10.1453117615, 185.4150828169, 1);
        -webkit-animation-timing-function: linear;
      }
    }

    @-moz-keyframes gwd-gen-va6xgwdanimation_gwd-keyframes {
      0% {
        width: 944px;
        height: 250px;
        -moz-transform: matrix3d(-0.5622128488, -0.8269824832, 0.0040847483, 0, -0.8269877229, 0.5621857818, -0.0062010566, 0, 0.0028317778, -0.0068643504, -0.9999724305, 0, -17, 10.1453117615, 185.4150828169, 1);
        -moz-animation-timing-function: linear;
      }
      100% {
        width: 944px;
        height: 250px;
        -moz-transform: matrix3d(0.9244275297, 0.3813577617, 0, 0, -0.3813577617, 0.9244275297, 0, 0, 0, 0, 1, 0, -17, 10.1453117615, 185.4150828169, 1);
        -moz-animation-timing-function: linear;
      }
    }

    @keyframes gwd-gen-va6xgwdanimation_gwd-keyframes {
      0% {
        width: 944px;
        height: 250px;
        transform: matrix3d(-0.5622128488, -0.8269824832, 0.0040847483, 0, -0.8269877229, 0.5621857818, -0.0062010566, 0, 0.0028317778, -0.0068643504, -0.9999724305, 0, -17, 10.1453117615, 185.4150828169, 1);
        animation-timing-function: linear;
      }
      100% {
        width: 944px;
        height: 250px;
        transform: matrix3d(0.9244275297, 0.3813577617, 0, 0, -0.3813577617, 0.9244275297, 0, 0, 0, 0, 1, 0, -17, 10.1453117615, 185.4150828169, 1);
        animation-timing-function: linear;
      }
    }

    @-webkit-keyframes gwd-gen-zhxegwdanimation_gwd-keyframes {
      0% {
        top: 259.6384638276px;
        left: 496.6400003433px;
        width: 53.9375px;
        height: 431.6254180602px;
        -webkit-transform: matrix3d(1, 0, 0, 0, 0, 1, 0, 0, 0, 0, 1, 0, 0, 0, 0, 1);
        -webkit-animation-timing-function: linear;
      }
      100% {
        top: -576.0993551979225px;
        left: 496.6400003433px;
        width: 53.9375px;
        height: 431.6254180602px;
        -webkit-transform: matrix3d(1, 0, 0, 0, 0, 1, 0, 0, 0, 0, 1, 0, 0, 0, 0, 1);
        -webkit-animation-timing-function: linear;
      }
    }

    @-moz-keyframes gwd-gen-zhxegwdanimation_gwd-keyframes {
      0% {
        top: 259.6384638276px;
        left: 496.6400003433px;
        width: 53.9375px;
        height: 431.6254180602px;
        -moz-transform: matrix3d(1, 0, 0, 0, 0, 1, 0, 0, 0, 0, 1, 0, 0, 0, 0, 1);
        -moz-animation-timing-function: linear;
      }
      100% {
        top: -576.0993551979225px;
        left: 496.6400003433px;
        width: 53.9375px;
        height: 431.6254180602px;
        -moz-transform: matrix3d(1, 0, 0, 0, 0, 1, 0, 0, 0, 0, 1, 0, 0, 0, 0, 1);
        -moz-animation-timing-function: linear;
      }
    }

    @keyframes gwd-gen-zhxegwdanimation_gwd-keyframes {
      0% {
        top: 259.6384638276px;
        left: 496.6400003433px;
        width: 53.9375px;
        height: 431.6254180602px;
        transform: matrix3d(1, 0, 0, 0, 0, 1, 0, 0, 0, 0, 1, 0, 0, 0, 0, 1);
        animation-timing-function: linear;
      }
      100% {
        top: -576.0993551979225px;
        left: 496.6400003433px;
        width: 53.9375px;
        height: 431.6254180602px;
        transform: matrix3d(1, 0, 0, 0, 0, 1, 0, 0, 0, 0, 1, 0, 0, 0, 0, 1);
        animation-timing-function: linear;
      }
    }

    @-webkit-keyframes gwd-gen-merrgwdanimation_gwd-keyframes {
      0% {
        top: -439px;
        left: 443.37000250817465px;
        width: 53.9375px;
        height: 431.6254180602px;
        -webkit-transform: matrix3d(1, 0, 0, 0, 0, 1, 0, 0, 0, 0, 1, 0, 0, 0, 0, 1);
        -webkit-animation-timing-function: linear;
      }
      100% {
        top: 388.9766666690492px;
        left: 443.37000250817465px;
        width: 53.9375px;
        height: 431.6254180602px;
        -webkit-transform: matrix3d(1, 0, 0, 0, 0, 1, 0, 0, 0, 0, 1, 0, 0, 0, 0, 1);
        -webkit-animation-timing-function: linear;
      }
    }

    @-moz-keyframes gwd-gen-merrgwdanimation_gwd-keyframes {
      0% {
        top: -439px;
        left: 443.37000250817465px;
        width: 53.9375px;
        height: 431.6254180602px;
        -moz-transform: matrix3d(1, 0, 0, 0, 0, 1, 0, 0, 0, 0, 1, 0, 0, 0, 0, 1);
        -moz-animation-timing-function: linear;
      }
      100% {
        top: 388.9766666690492px;
        left: 443.37000250817465px;
        width: 53.9375px;
        height: 431.6254180602px;
        -moz-transform: matrix3d(1, 0, 0, 0, 0, 1, 0, 0, 0, 0, 1, 0, 0, 0, 0, 1);
        -moz-animation-timing-function: linear;
      }
    }

    @keyframes gwd-gen-merrgwdanimation_gwd-keyframes {
      0% {
        top: -439px;
        left: 443.37000250817465px;
        width: 53.9375px;
        height: 431.6254180602px;
        transform: matrix3d(1, 0, 0, 0, 0, 1, 0, 0, 0, 0, 1, 0, 0, 0, 0, 1);
        animation-timing-function: linear;
      }
      100% {
        top: 388.9766666690492px;
        left: 443.37000250817465px;
        width: 53.9375px;
        height: 431.6254180602px;
        transform: matrix3d(1, 0, 0, 0, 0, 1, 0, 0, 0, 0, 1, 0, 0, 0, 0, 1);
        animation-timing-function: linear;
      }
    }

    @-webkit-keyframes gwd-gen-l82wgwdanimation_gwd-keyframes {
      0% {
        top: -435.9230769233993px;
        left: 550.3700025081797px;
        width: 53.9375px;
        height: 431.6254180602px;
        -webkit-transform: matrix3d(1, 0, 0, 0, 0, 1, 0, 0, 0, 0, 1, 0, 0, 0, 0, 1);
        -webkit-animation-timing-function: linear;
      }
      100% {
        top: 420.1470465345833px;
        left: 554.036669174852px;
        width: 53.9375px;
        height: 431.6254180602px;
        -webkit-transform: matrix3d(1, 0, 0, 0, 0, 1, 0, 0, 0, 0, 1, 0, 0, 0, 0, 1);
        -webkit-animation-timing-function: linear;
      }
    }

    @-moz-keyframes gwd-gen-l82wgwdanimation_gwd-keyframes {
      0% {
        top: -435.9230769233993px;
        left: 550.3700025081797px;
        width: 53.9375px;
        height: 431.6254180602px;
        -moz-transform: matrix3d(1, 0, 0, 0, 0, 1, 0, 0, 0, 0, 1, 0, 0, 0, 0, 1);
        -moz-animation-timing-function: linear;
      }
      100% {
        top: 420.1470465345833px;
        left: 554.036669174852px;
        width: 53.9375px;
        height: 431.6254180602px;
        -moz-transform: matrix3d(1, 0, 0, 0, 0, 1, 0, 0, 0, 0, 1, 0, 0, 0, 0, 1);
        -moz-animation-timing-function: linear;
      }
    }

    @keyframes gwd-gen-l82wgwdanimation_gwd-keyframes {
      0% {
        top: -435.9230769233993px;
        left: 550.3700025081797px;
        width: 53.9375px;
        height: 431.6254180602px;
        transform: matrix3d(1, 0, 0, 0, 0, 1, 0, 0, 0, 0, 1, 0, 0, 0, 0, 1);
        animation-timing-function: linear;
      }
      100% {
        top: 420.1470465345833px;
        left: 554.036669174852px;
        width: 53.9375px;
        height: 431.6254180602px;
        transform: matrix3d(1, 0, 0, 0, 0, 1, 0, 0, 0, 0, 1, 0, 0, 0, 0, 1);
        animation-timing-function: linear;
      }
    }

    @-webkit-keyframes gwd-gen-eiikgwdanimation_gwd-keyframes {
      0% {
        top: 261.0769230766px;
        left: 390.4500005245px;
        width: 53.9375px;
        height: 431.6254180602px;
        -webkit-transform: matrix3d(1, 0, 0, 0, 0, 1, 0, 0, 0, 0, 1, 0, 0, 0, 0, 1);
        -webkit-animation-timing-function: linear;
      }
      100% {
        top: -725.1175213678432px;
        left: 389.4500005245px;
        width: 53.9375px;
        height: 431.6254180602px;
        -webkit-transform: matrix3d(1, 0, 0, 0, 0, 1, 0, 0, 0, 0, 1, 0, 0, 0, 0, 1);
        -webkit-animation-timing-function: linear;
      }
    }

    @-moz-keyframes gwd-gen-eiikgwdanimation_gwd-keyframes {
      0% {
        top: 261.0769230766px;
        left: 390.4500005245px;
        width: 53.9375px;
        height: 431.6254180602px;
        -moz-transform: matrix3d(1, 0, 0, 0, 0, 1, 0, 0, 0, 0, 1, 0, 0, 0, 0, 1);
        -moz-animation-timing-function: linear;
      }
      100% {
        top: -725.1175213678432px;
        left: 389.4500005245px;
        width: 53.9375px;
        height: 431.6254180602px;
        -moz-transform: matrix3d(1, 0, 0, 0, 0, 1, 0, 0, 0, 0, 1, 0, 0, 0, 0, 1);
        -moz-animation-timing-function: linear;
      }
    }

    @keyframes gwd-gen-eiikgwdanimation_gwd-keyframes {
      0% {
        top: 261.0769230766px;
        left: 390.4500005245px;
        width: 53.9375px;
        height: 431.6254180602px;
        transform: matrix3d(1, 0, 0, 0, 0, 1, 0, 0, 0, 0, 1, 0, 0, 0, 0, 1);
        animation-timing-function: linear;
      }
      100% {
        top: -725.1175213678432px;
        left: 389.4500005245px;
        width: 53.9375px;
        height: 431.6254180602px;
        transform: matrix3d(1, 0, 0, 0, 0, 1, 0, 0, 0, 0, 1, 0, 0, 0, 0, 1);
        animation-timing-function: linear;
      }
    }

    @-webkit-keyframes gwd-gen-6yn5gwdanimation_gwd-keyframes {
      0% {
        top: -435.06461521279925px;
        left: 336.32000255587974px;
        width: 53.9375px;
        height: 431.6254180602px;
        -webkit-transform: matrix3d(1, 0, 0, 0, 0, 1, 0, 0, 0, 0, 1, 0, 0, 0, 0, 1);
        -webkit-animation-timing-function: linear;
      }
      100% {
        top: 419.69445886365867px;
        left: 333.32000255588px;
        width: 53.9375px;
        height: 431.6254180602px;
        -webkit-transform: matrix3d(1, 0, 0, 0, 0, 1, 0, 0, 0, 0, 1, 0, 0, 0, 0, 1);
        -webkit-animation-timing-function: linear;
      }
    }

    @-moz-keyframes gwd-gen-6yn5gwdanimation_gwd-keyframes {
      0% {
        top: -435.06461521279925px;
        left: 336.32000255587974px;
        width: 53.9375px;
        height: 431.6254180602px;
        -moz-transform: matrix3d(1, 0, 0, 0, 0, 1, 0, 0, 0, 0, 1, 0, 0, 0, 0, 1);
        -moz-animation-timing-function: linear;
      }
      100% {
        top: 419.69445886365867px;
        left: 333.32000255588px;
        width: 53.9375px;
        height: 431.6254180602px;
        -moz-transform: matrix3d(1, 0, 0, 0, 0, 1, 0, 0, 0, 0, 1, 0, 0, 0, 0, 1);
        -moz-animation-timing-function: linear;
      }
    }

    @keyframes gwd-gen-6yn5gwdanimation_gwd-keyframes {
      0% {
        top: -435.06461521279925px;
        left: 336.32000255587974px;
        width: 53.9375px;
        height: 431.6254180602px;
        transform: matrix3d(1, 0, 0, 0, 0, 1, 0, 0, 0, 0, 1, 0, 0, 0, 0, 1);
        animation-timing-function: linear;
      }
      100% {
        top: 419.69445886365867px;
        left: 333.32000255588px;
        width: 53.9375px;
        height: 431.6254180602px;
        transform: matrix3d(1, 0, 0, 0, 0, 1, 0, 0, 0, 0, 1, 0, 0, 0, 0, 1);
        animation-timing-function: linear;
      }
    }

    .gwd-gen-vlm1 .gwd-gen-6f61gwdanimation {
      -webkit-animation: gwd-gen-6f61gwdanimation_gwd-keyframes 0.5s linear 0s 1 forwards;
      -moz-animation: gwd-gen-6f61gwdanimation_gwd-keyframes 0.5s linear 0s 1 forwards;
      animation: gwd-gen-6f61gwdanimation_gwd-keyframes 0.5s linear 0s 1 forwards;
    }

    .gwd-div-jgkz {
      -webkit-transform-style: preserve-3d;
      -moz-transform-style: preserve-3d;
      transform-style: preserve-3d;
      border-style: solid;
      overflow: visible;
      -webkit-transform: matrix3d(-0.9939442903, 0, 0.1098851575, 0, -0.0609819702, -0.8318764066, -0.5516002569, 0, 0.09141087, -0.5549609393, 0.8268388046, 0, 51.0765357388, 0, 462.0026236565, 1);
      -moz-transform: matrix3d(-0.9939442903, 0, 0.1098851575, 0, -0.0609819702, -0.8318764066, -0.5516002569, 0, 0.09141087, -0.5549609393, 0.8268388046, 0, 51.0765357388, 0, 462.0026236565, 1);
      transform: matrix3d(-0.9939442903, 0, 0.1098851575, 0, -0.0609819702, -0.8318764066, -0.5516002569, 0, 0.09141087, -0.5549609393, 0.8268388046, 0, 51.0765357388, 0, 462.0026236565, 1);
      opacity: 1;
      border-width: 0px;
    }

    @-webkit-keyframes gwd-gen-6f61gwdanimation_gwd-keyframes {
      0% {
        -webkit-transform: matrix3d(-0.9939442903, 0, 0.1098851575, 0, -0.0609819702, -0.8318764066, -0.5516002569, 0, 0.09141087, -0.5549609393, 0.8268388046, 0, 51.0765357388, 0, 462.0026236565, 1);
        opacity: 1;
        border-width: 0px;
        -webkit-animation-timing-function: linear;
      }
      100% {
        -webkit-transform: matrix3d(0.9302145016, 0.3670163226, 0, 0, -0.3670163226, 0.9302145016, 0, 0, 0, 0, 1, 0, 0, 0, 0, 1);
        opacity: 0.9;
        border-width: 0px;
        -webkit-animation-timing-function: linear;
      }
    }

    @-moz-keyframes gwd-gen-6f61gwdanimation_gwd-keyframes {
      0% {
        -moz-transform: matrix3d(-0.9939442903, 0, 0.1098851575, 0, -0.0609819702, -0.8318764066, -0.5516002569, 0, 0.09141087, -0.5549609393, 0.8268388046, 0, 51.0765357388, 0, 462.0026236565, 1);
        opacity: 1;
        border-width: 0px;
        -moz-animation-timing-function: linear;
      }
      100% {
        -moz-transform: matrix3d(0.9302145016, 0.3670163226, 0, 0, -0.3670163226, 0.9302145016, 0, 0, 0, 0, 1, 0, 0, 0, 0, 1);
        opacity: 0.9;
        border-width: 0px;
        -moz-animation-timing-function: linear;
      }
    }

    @keyframes gwd-gen-6f61gwdanimation_gwd-keyframes {
      0% {
        transform: matrix3d(-0.9939442903, 0, 0.1098851575, 0, -0.0609819702, -0.8318764066, -0.5516002569, 0, 0.09141087, -0.5549609393, 0.8268388046, 0, 51.0765357388, 0, 462.0026236565, 1);
        opacity: 1;
        border-width: 0px;
        animation-timing-function: linear;
      }
      100% {
        transform: matrix3d(0.9302145016, 0.3670163226, 0, 0, -0.3670163226, 0.9302145016, 0, 0, 0, 0, 1, 0, 0, 0, 0, 1);
        opacity: 0.9;
        border-width: 0px;
        animation-timing-function: linear;
      }
    }

    .gwd-gen-673agwdanimation-gen-animation0keyframe {
      -webkit-transform: translate3d(-11.63px, 12.73px, 0px);
      -moz-transform: translate3d(-11.63px, 12.73px, 0px);
      transform: translate3d(-11.63px, 12.73px, 0px);
      background-color: transparent;
    }

    .gwd-gen-iuukgwdanimation-gen-animation0keyframe {
      top: 44.4289282063px;
      left: 1014.4772727273px;
      width: 197.5618848952px;
      height: 301.19659161299995px;
      -webkit-transform: translate3d(-362.52px, -390.05px, 0px);
      -moz-transform: translate3d(-362.52px, -390.05px, 0px);
      transform: translate3d(-362.52px, -390.05px, 0px);
    }

    .gwd-gen-c2zogwdanimation-gen-animation0keyframe {
      top: 48.50570090141785px;
      left: -177.80951312836692px;
      width: 236.67257612080002px;
      height: 283.9344249698px;
      -webkit-transform: translate3d(185.98px, 211px, 0px);
      -moz-transform: translate3d(185.98px, 211px, 0px);
      transform: translate3d(185.98px, 211px, 0px);
    }

    .gwd-gen-6yn5gwdanimation-gen-animation0keyframe {
      top: -435.06461521279925px;
      left: 336.32000255587974px;
      width: 53.9375px;
      height: 431.6254180602px;
      -webkit-transform: matrix3d(1, 0, 0, 0, 0, 1, 0, 0, 0, 0, 1, 0, 0, 0, 0, 1);
      -moz-transform: matrix3d(1, 0, 0, 0, 0, 1, 0, 0, 0, 0, 1, 0, 0, 0, 0, 1);
      transform: matrix3d(1, 0, 0, 0, 0, 1, 0, 0, 0, 0, 1, 0, 0, 0, 0, 1);
    }

    .gwd-gen-eiikgwdanimation-gen-animation0keyframe {
      top: 261.0769230766px;
      left: 390.4500005245px;
      width: 53.9375px;
      height: 431.6254180602px;
      -webkit-transform: matrix3d(1, 0, 0, 0, 0, 1, 0, 0, 0, 0, 1, 0, 0, 0, 0, 1);
      -moz-transform: matrix3d(1, 0, 0, 0, 0, 1, 0, 0, 0, 0, 1, 0, 0, 0, 0, 1);
      transform: matrix3d(1, 0, 0, 0, 0, 1, 0, 0, 0, 0, 1, 0, 0, 0, 0, 1);
    }

    .gwd-gen-l82wgwdanimation-gen-animation0keyframe {
      top: -435.9230769233993px;
      left: 550.3700025081797px;
      width: 53.9375px;
      height: 431.6254180602px;
      -webkit-transform: matrix3d(1, 0, 0, 0, 0, 1, 0, 0, 0, 0, 1, 0, 0, 0, 0, 1);
      -moz-transform: matrix3d(1, 0, 0, 0, 0, 1, 0, 0, 0, 0, 1, 0, 0, 0, 0, 1);
      transform: matrix3d(1, 0, 0, 0, 0, 1, 0, 0, 0, 0, 1, 0, 0, 0, 0, 1);
    }

    .gwd-gen-merrgwdanimation-gen-animation0keyframe {
      top: -439px;
      left: 443.37000250817465px;
      width: 53.9375px;
      height: 431.6254180602px;
      -webkit-transform: matrix3d(1, 0, 0, 0, 0, 1, 0, 0, 0, 0, 1, 0, 0, 0, 0, 1);
      -moz-transform: matrix3d(1, 0, 0, 0, 0, 1, 0, 0, 0, 0, 1, 0, 0, 0, 0, 1);
      transform: matrix3d(1, 0, 0, 0, 0, 1, 0, 0, 0, 0, 1, 0, 0, 0, 0, 1);
    }

    .gwd-gen-zhxegwdanimation-gen-animation0keyframe {
      top: 259.6384638276px;
      left: 496.6400003433px;
      width: 53.9375px;
      height: 431.6254180602px;
      -webkit-transform: matrix3d(1, 0, 0, 0, 0, 1, 0, 0, 0, 0, 1, 0, 0, 0, 0, 1);
      -moz-transform: matrix3d(1, 0, 0, 0, 0, 1, 0, 0, 0, 0, 1, 0, 0, 0, 0, 1);
      transform: matrix3d(1, 0, 0, 0, 0, 1, 0, 0, 0, 0, 1, 0, 0, 0, 0, 1);
    }

    .gwd-gen-va6xgwdanimation-gen-animation0keyframe {
      width: 944px;
      height: 250px;
      -webkit-transform: matrix3d(-0.5622128488, -0.8269824832, 0.0040847483, 0, -0.8269877229, 0.5621857818, -0.0062010566, 0, 0.0028317778, -0.0068643504, -0.9999724305, 0, -17, 10.1453117615, 185.4150828169, 1);
      -moz-transform: matrix3d(-0.5622128488, -0.8269824832, 0.0040847483, 0, -0.8269877229, 0.5621857818, -0.0062010566, 0, 0.0028317778, -0.0068643504, -0.9999724305, 0, -17, 10.1453117615, 185.4150828169, 1);
      transform: matrix3d(-0.5622128488, -0.8269824832, 0.0040847483, 0, -0.8269877229, 0.5621857818, -0.0062010566, 0, 0.0028317778, -0.0068643504, -0.9999724305, 0, -17, 10.1453117615, 185.4150828169, 1);
    }

    .gwd-gen-6f61gwdanimation-gen-animation0keyframe {
      -webkit-transform: matrix3d(-0.9939442903, 0, 0.1098851575, 0, -0.0609819702, -0.8318764066, -0.5516002569, 0, 0.09141087, -0.5549609393, 0.8268388046, 0, 51.0765357388, 0, 462.0026236565, 1);
      -moz-transform: matrix3d(-0.9939442903, 0, 0.1098851575, 0, -0.0609819702, -0.8318764066, -0.5516002569, 0, 0.09141087, -0.5549609393, 0.8268388046, 0, 51.0765357388, 0, 462.0026236565, 1);
      transform: matrix3d(-0.9939442903, 0, 0.1098851575, 0, -0.0609819702, -0.8318764066, -0.5516002569, 0, 0.09141087, -0.5549609393, 0.8268388046, 0, 51.0765357388, 0, 462.0026236565, 1);
      opacity: 1;
      border-width: 0px;
    }
  </style>

  <script type="text/x-serialization" data-gwd-canvas="serialization">
